
# Commit Pulse Log - Do not delete
PULSE_SEQUENCE_2500471793_DATE_2026-03-02T13:49:02.414695
PULSE_SEQUENCE_362372112_DATE_2026-03-02T21:16:26.414695
PULSE_SEQUENCE_1207669447_DATE_2026-03-04T16:41:01.414695
PULSE_SEQUENCE_2790383372_DATE_2026-03-05T15:40:26.414695
PULSE_SEQUENCE_925117486_DATE_2026-03-05T18:19:27.414695
PULSE_SEQUENCE_3911464359_DATE_2026-03-06T12:04:11.414695
PULSE_SEQUENCE_2961719546_DATE_2026-03-06T09:40:33.414695
PULSE_SEQUENCE_1129374020_DATE_2026-03-07T21:56:51.414695
PULSE_SEQUENCE_2068170936_DATE_2026-03-09T18:40:30.414695
PULSE_SEQUENCE_3214216837_DATE_2026-03-09T09:29:58.414695
PULSE_SEQUENCE_2395369581_DATE_2026-03-11T15:50:36.414695
PULSE_SEQUENCE_3054911031_DATE_2026-03-11T14:03:05.414695
PULSE_SEQUENCE_3523762187_DATE_2026-03-11T10:12:47.414695
PULSE_SEQUENCE_2285972771_DATE_2026-03-17T14:00:49.414695
PULSE_SEQUENCE_3423204543_DATE_2026-03-17T18:32:43.414695
PULSE_SEQUENCE_3545817454_DATE_2026-03-18T17:38:55.414695
PULSE_SEQUENCE_3731591041_DATE_2026-03-18T21:51:12.414695
