
# Commit Pulse Log - Do not delete
PULSE_SEQUENCE_2500471793_DATE_2026-03-02T13:49:02.414695
PULSE_SEQUENCE_362372112_DATE_2026-03-02T21:16:26.414695
PULSE_SEQUENCE_1207669447_DATE_2026-03-04T16:41:01.414695
PULSE_SEQUENCE_2790383372_DATE_2026-03-05T15:40:26.414695
PULSE_SEQUENCE_925117486_DATE_2026-03-05T18:19:27.414695
PULSE_SEQUENCE_3911464359_DATE_2026-03-06T12:04:11.414695
PULSE_SEQUENCE_2961719546_DATE_2026-03-06T09:40:33.414695
PULSE_SEQUENCE_1129374020_DATE_2026-03-07T21:56:51.414695
PULSE_SEQUENCE_2068170936_DATE_2026-03-09T18:40:30.414695
PULSE_SEQUENCE_3214216837_DATE_2026-03-09T09:29:58.414695
PULSE_SEQUENCE_2395369581_DATE_2026-03-11T15:50:36.414695
PULSE_SEQUENCE_3054911031_DATE_2026-03-11T14:03:05.414695
PULSE_SEQUENCE_3523762187_DATE_2026-03-11T10:12:47.414695
PULSE_SEQUENCE_2285972771_DATE_2026-03-17T14:00:49.414695
PULSE_SEQUENCE_3423204543_DATE_2026-03-17T18:32:43.414695
PULSE_SEQUENCE_3545817454_DATE_2026-03-18T17:38:55.414695
PULSE_SEQUENCE_3731591041_DATE_2026-03-18T21:51:12.414695
PULSE_SEQUENCE_3482817849_DATE_2026-03-19T10:44:52.414695
PULSE_SEQUENCE_1900326996_DATE_2026-03-19T14:25:46.414695
PULSE_SEQUENCE_3077032833_DATE_2026-03-19T15:12:47.414695
PULSE_SEQUENCE_39717208_DATE_2026-03-20T16:11:58.414695
PULSE_SEQUENCE_3262322844_DATE_2026-03-20T20:48:22.414695
PULSE_SEQUENCE_2294432486_DATE_2026-03-20T10:19:01.414695
PULSE_SEQUENCE_1820539644_DATE_2026-03-21T17:26:29.414695
PULSE_SEQUENCE_1823804501_DATE_2026-03-22T17:25:42.414695
PULSE_SEQUENCE_2922844430_DATE_2026-03-23T15:22:28.414695
PULSE_SEQUENCE_1219275326_DATE_2026-03-23T17:21:53.414695
PULSE_SEQUENCE_3608398402_DATE_2026-03-23T15:17:10.414695
PULSE_SEQUENCE_1839948014_DATE_2026-03-24T21:15:21.414695
PULSE_SEQUENCE_3325881913_DATE_2026-03-24T10:01:11.414695
PULSE_SEQUENCE_3739968339_DATE_2026-03-24T18:37:19.414695
PULSE_SEQUENCE_1866085579_DATE_2026-03-26T15:30:38.414695
PULSE_SEQUENCE_3735744680_DATE_2026-03-26T18:46:00.414695
PULSE_SEQUENCE_182597003_DATE_2026-03-28T17:07:48.414695
PULSE_SEQUENCE_4159384668_DATE_2026-03-28T19:11:28.414695
PULSE_SEQUENCE_2750840165_DATE_2026-03-28T18:27:36.414695
PULSE_SEQUENCE_407591695_DATE_2026-03-31T18:20:13.414695
PULSE_SEQUENCE_1008974010_DATE_2026-03-31T20:15:57.414695
PULSE_SEQUENCE_407039120_DATE_2026-03-31T17:29:57.414695
PULSE_SEQUENCE_185318256_DATE_2026-04-03T21:36:56.414695
PULSE_SEQUENCE_561132474_DATE_2026-04-03T10:30:49.414695
PULSE_SEQUENCE_2711520917_DATE_2026-04-05T10:04:52.414695
PULSE_SEQUENCE_189257308_DATE_2026-04-08T18:34:43.414695
PULSE_SEQUENCE_1918555707_DATE_2026-04-08T12:30:25.414695
PULSE_SEQUENCE_566588381_DATE_2026-04-09T14:51:46.414695
PULSE_SEQUENCE_4002380759_DATE_2026-04-09T19:32:26.414695
