
# Commit Pulse Log - Do not delete
PULSE_SEQUENCE_2500471793_DATE_2026-03-02T13:49:02.414695
PULSE_SEQUENCE_362372112_DATE_2026-03-02T21:16:26.414695
