
# Commit Pulse Log - Do not delete
PULSE_SEQUENCE_2500471793_DATE_2026-03-02T13:49:02.414695
PULSE_SEQUENCE_362372112_DATE_2026-03-02T21:16:26.414695
PULSE_SEQUENCE_1207669447_DATE_2026-03-04T16:41:01.414695
PULSE_SEQUENCE_2790383372_DATE_2026-03-05T15:40:26.414695
PULSE_SEQUENCE_925117486_DATE_2026-03-05T18:19:27.414695
PULSE_SEQUENCE_3911464359_DATE_2026-03-06T12:04:11.414695
PULSE_SEQUENCE_2961719546_DATE_2026-03-06T09:40:33.414695
PULSE_SEQUENCE_1129374020_DATE_2026-03-07T21:56:51.414695
